# co2_mlo_surface-insitu_1_ccgg_MonthlyData
# https://gml.noaa.gov/aftp/data/trace_gases/co2/in-situ/surface/mlo/co2_mlo_surface-insitu_1_ccgg_MonthlyData.txt
# Year, val columns
1974.32876712329	333.16
1974.41369863014	332.17
1974.49589041096	331.11
1974.58082191781	329.11
1974.66575342466	327.3
1974.74794520548	327.3
1974.83287671233	328.27
1974.91506849315	329.61
1975	330.75
1975.08493150685	331.47
1975.16164383562	331.9
1975.24657534247	333.12
1975.32876712329	333.95
1975.41369863014	333.46
1975.49589041096	332.04
1975.58082191781	329.92
1975.66575342466	328.46
1975.74794520548	328.48
1975.83287671233	329.23
1975.91506849315	-999.99
1976	331.63
1976.08469945355	332.75
1976.16393442623	333.3
1976.24863387978	334.76
1976.3306010929	334.72
1976.41530054645	334.19
1976.49726775956	332.89
1976.58196721311	330.72
1976.66666666667	328.89
1976.74863387978	328.7
1976.83333333333	330.25
1976.91530054645	331.67
1977	332.66
1977.08493150685	333.22
1977.16164383562	334.98
1977.24657534247	336.22
1977.32876712329	336.92
1977.41369863014	336.16
1977.49589041096	334.81
1977.58082191781	332.61
1977.66575342466	331.27
1977.74794520548	331.28
1977.83287671233	332.53
1977.91506849315	333.61
1978	334.98
1978.08493150685	335.27
1978.16164383562	336.65
1978.24657534247	337.73
1978.32876712329	338.02
1978.41369863014	337.95
1978.49589041096	336.34
1978.58082191781	334.65
1978.66575342466	332.35
1978.74794520548	332.42
1978.83287671233	333.76
1978.91506849315	334.96
1979	336.11
1979.08493150685	336.69
1979.16164383562	338.3
1979.24657534247	338.87
1979.32876712329	339.24
1979.41369863014	339.34
1979.49589041096	337.52
1979.58082191781	335.66
1979.66575342466	333.9
1979.74794520548	334.27
1979.83287671233	335.4
1979.91506849315	336.74
1980	337.9
1980.08469945355	338.37
1980.16393442623	340.11
1980.24863387978	340.97
1980.3306010929	341.45
1980.41530054645	341.42
1980.49726775956	339.47
1980.58196721311	337.72
1980.66666666667	336.29
1980.74863387978	336.14
1980.83333333333	337.28
1980.91530054645	338.36
1981	339.28
1981.08493150685	340.55
1981.16164383562	341.65
1981.24657534247	342.59
1981.32876712329	343.03
1981.41369863014	342.52
1981.49589041096	340.86
1981.58082191781	338.6
1981.66575342466	336.96
1981.74794520548	337.04
1981.83287671233	338.52
1981.91506849315	339.88
1982	340.94
1982.08493150685	341.75
1982.16164383562	342.64
1982.24657534247	343.89
1982.32876712329	344.77
1982.41369863014	343.93
1982.49589041096	342.48
1982.58082191781	340.28
1982.66575342466	338.35
1982.74794520548	338.44
1982.83287671233	339.45
1982.91506849315	340.78
1983	341.59
1983.08493150685	342.81
1983.16164383562	343.34
1983.24657534247	345.45
1983.32876712329	346.13
1983.41369863014	345.77
1983.49589041096	344.35
1983.58082191781	342.57
1983.66575342466	340.46
1983.74794520548	340.45
1983.83287671233	341.8
1983.91506849315	343.28
1984	344.2
1984.08469945355	344.94
1984.16393442623	345.61
1984.24863387978	347.48
1984.3306010929	347.78
1984.41530054645	347.15
1984.49726775956	345.83
1984.58196721311	343.8
1984.66666666667	341.56
1984.74863387978	341.85
1984.83333333333	343.18
1984.91530054645	345.04
1985	345.48
1985.08493150685	346.44
1985.16164383562	347.83
1985.24657534247	348.61
1985.32876712329	349.28
1985.41369863014	348.59
1985.49589041096	347
1985.58082191781	345.02
1985.66575342466	343.47
1985.74794520548	343.38
1985.83287671233	344.76
1985.91506849315	346.15
1986	346.8
1986.08493150685	347.48
1986.16164383562	348.22
1986.24657534247	349.86
1986.32876712329	350.52
1986.41369863014	349.99
1986.49589041096	348.3
1986.58082191781	346.19
1986.66575342466	345.39
1986.74794520548	344.76
1986.83287671233	346.26
1986.91506849315	347.4
1987	348.69
1987.08493150685	348.91
1987.16164383562	349.8
1987.24657534247	351.43
1987.32876712329	352.15
1987.41369863014	351.68
1987.49589041096	350.35
1987.58082191781	348.2
1987.66575342466	346.62
1987.74794520548	346.78
1987.83287671233	348.08
1987.91506849315	349.29
1988	350.45
1988.08469945355	351.74
1988.16393442623	352.46
1988.24863387978	353.66
1988.3306010929	354.35
1988.41530054645	353.81
1988.49726775956	352.77
1988.58196721311	350.44
1988.66666666667	348.98
1988.74863387978	349.39
1988.83333333333	350.47
1988.91530054645	351.61
1989	353.06
1989.08493150685	353.42
1989.16164383562	354.07
1989.24657534247	355.72
1989.32876712329	355.95
1989.41369863014	355.42
1989.49589041096	354.05
1989.58082191781	351.88
1989.66575342466	350.12
1989.74794520548	350.36
1989.83287671233	351.58
1989.91506849315	352.87
1990	353.87
1990.08493150685	355.1
1990.16164383562	355.77
1990.24657534247	356.37
1990.32876712329	357.38
1990.41369863014	356.41
1990.49589041096	354.9
1990.58082191781	353.04
1990.66575342466	351.36
1990.74794520548	351.7
1990.83287671233	353.09
1990.91506849315	354.43
1991	354.93
1991.08493150685	355.82
1991.16164383562	357.34
1991.24657534247	358.77
1991.32876712329	359.24
1991.41369863014	358.23
1991.49589041096	356.31
1991.58082191781	353.83
1991.66575342466	352.33
1991.74794520548	352.41
1991.83287671233	353.89
1991.91506849315	355.23
1992	356.34
1992.08469945355	357.22
1992.16393442623	357.95
1992.24863387978	359.23
1992.3306010929	359.71
1992.41530054645	359.44
1992.49726775956	357.15
1992.58196721311	355.08
1992.66666666667	352.99
1992.74863387978	353.43
1992.83333333333	354.4
1992.91530054645	355.68
1993	357.11
1993.08493150685	357.42
1993.16164383562	358.6
1993.24657534247	359.4
1993.32876712329	360.31
1993.41369863014	359.64
1993.49589041096	357.49
1993.58082191781	355.78
1993.66575342466	354.11
1993.74794520548	354.27
1993.83287671233	355.52
1993.91506849315	357.03
1994	358.31
1994.08493150685	359.06
1994.16164383562	360.1
1994.24657534247	361.39
1994.32876712329	361.78
1994.41369863014	360.97
1994.49589041096	359.51
1994.58082191781	357.64
1994.66575342466	355.87
1994.74794520548	356.16
1994.83287671233	357.67
1994.91506849315	359.07
1995	360.05
1995.08493150685	361
1995.16164383562	361.96
1995.24657534247	363.42
1995.32876712329	363.83
1995.41369863014	363.34
1995.49589041096	361.71
1995.58082191781	359.34
1995.66575342466	358.29
1995.74794520548	358.14
1995.83287671233	359.63
1995.91506849315	360.84
1996	362.19
1996.08469945355	363.37
1996.16393442623	364.26
1996.24863387978	364.71
1996.3306010929	365.25
1996.41530054645	365.06
1996.49726775956	363.69
1996.58196721311	361.56
1996.66666666667	359.72
1996.74863387978	359.74
1996.83333333333	361.05
1996.91530054645	362.42
1997	363.24
1997.08493150685	364.21
1997.16164383562	364.65
1997.24657534247	366.52
1997.32876712329	366.77
1997.41369863014	365.67
1997.49589041096	364.5
1997.58082191781	362.42
1997.66575342466	360.46
1997.74794520548	360.99
1997.83287671233	362.65
1997.91506849315	364.52
1998	365.38
1998.08493150685	366.1
1998.16164383562	367.36
1998.24657534247	368.79
1998.32876712329	369.56
1998.41369863014	369.11
1998.49589041096	367.99
1998.58082191781	366.13
1998.66575342466	364.17
1998.74794520548	364.54
1998.83287671233	365.64
1998.91506849315	367.35
1999	368.32
1999.08493150685	369.21
1999.16164383562	369.87
1999.24657534247	371.17
1999.32876712329	371.12
1999.41369863014	370.5
1999.49589041096	369.55
1999.58082191781	367.05
1999.66575342466	364.94
1999.74794520548	365.52
1999.83287671233	366.86
1999.91506849315	368.27
2000	369.43
2000.08469945355	369.76
2000.16393442623	370.75
2000.24863387978	371.96
2000.3306010929	371.75
2000.41530054645	371.86
2000.49726775956	370.07
2000.58196721311	368.36
2000.66666666667	367.15
2000.74863387978	367.18
2000.83333333333	368.53
2000.91530054645	369.85
2001	370.76
2001.08493150685	371.7
2001.16164383562	372.6
2001.24657534247	373.54
2001.32876712329	374.03
2001.41369863014	373.35
2001.49589041096	371.72
2001.58082191781	369.66
2001.66575342466	368.35
2001.74794520548	368.61
2001.83287671233	369.97
2001.91506849315	371.41
2002	372.67
2002.08493150685	373.37
2002.16164383562	374.25
2002.24657534247	375.19
2002.32876712329	375.93
2002.41369863014	375.71
2002.49589041096	374.24
2002.58082191781	372.02
2002.66575342466	370.9
2002.74794520548	370.73
2002.83287671233	372.42
2002.91506849315	373.98
2003	375.06
2003.08493150685	375.81
2003.16164383562	376.63
2003.24657534247	377.92
2003.32876712329	378.78
2003.41369863014	378.42
2003.49589041096	376.86
2003.58082191781	374.74
2003.66575342466	373.31
2003.74794520548	373.31
2003.83287671233	374.93
2003.91506849315	376.12
2004	377.16
2004.08469945355	378.06
2004.16393442623	379.08
2004.24863387978	380.55
2004.3306010929	380.8
2004.41530054645	379.94
2004.49726775956	377.6
2004.58196721311	376.4
2004.66666666667	374.48
2004.74863387978	374.65
2004.83333333333	376.35
2004.91530054645	377.67
2005	378.63
2005.08493150685	379.92
2005.16164383562	381
2005.24657534247	382.48
2005.32876712329	382.64
2005.41369863014	382.42
2005.49589041096	380.9
2005.58082191781	378.98
2005.66575342466	376.88
2005.74794520548	377.01
2005.83287671233	378.58
2005.91506849315	380.28
2006	381.62
2006.08493150685	382.42
2006.16164383562	382.86
2006.24657534247	384.88
2006.32876712329	385.22
2006.41369863014	384.24
2006.49589041096	382.64
2006.58082191781	380.57
2006.66575342466	379
2006.74794520548	379.32
2006.83287671233	380.32
2006.91506849315	381.98
2007	383.12
2007.08493150685	384.09
2007.16164383562	384.78
2007.24657534247	386.73
2007.32876712329	386.78
2007.41369863014	386.37
2007.49589041096	384.8
2007.58082191781	382.3
2007.66575342466	381.16
2007.74794520548	381.38
2007.83287671233	382.7
2007.91506849315	384.24
2008	385.78
2008.08469945355	386.05
2008.16393442623	386.29
2008.24863387978	387.41
2008.3306010929	388.78
2008.41530054645	388.11
2008.49726775956	385.88
2008.58196721311	384.34
2008.66666666667	383.41
2008.74863387978	383.15
2008.83333333333	384.42
2008.91530054645	385.75
2009	387.16
2009.08493150685	387.71
2009.16164383562	389.04
2009.24657534247	389.76
2009.32876712329	390.36
2009.41369863014	389.72
2009.49589041096	388.25
2009.58082191781	386.28
2009.66575342466	384.94
2009.74794520548	384.65
2009.83287671233	386.23
2009.91506849315	387.59
2010	388.91
2010.08493150685	390.4
2010.16164383562	391.38
2010.24657534247	392.68
2010.32876712329	393.21
2010.41369863014	392.4
2010.49589041096	390.43
2010.58082191781	388.56
2010.66575342466	387.02
2010.74794520548	387.43
2010.83287671233	388.84
2010.91506849315	389.99
2011	391.5
2011.08493150685	392.05
2011.16164383562	392.77
2011.24657534247	393.42
2011.32876712329	394.41
2011.41369863014	393.92
2011.49589041096	392.72
2011.58082191781	390.39
2011.66575342466	389.25
2011.74794520548	389.2
2011.83287671233	390.49
2011.91506849315	392.04
2012	393.32
2012.08469945355	394.05
2012.16393442623	394.58
2012.24863387978	396.39
2012.3306010929	396.93
2012.41530054645	395.92
2012.49726775956	394.57
2012.58196721311	392.57
2012.66666666667	391.31
2012.74863387978	391.27
2012.83333333333	393.22
2012.91530054645	394.56
2013	395.8
2013.08493150685	397.03
2013.16164383562	397.67
2013.24657534247	398.62
2013.32876712329	400.02
2013.41369863014	398.85
2013.49589041096	397.45
2013.58082191781	395.39
2013.66575342466	393.73
2013.74794520548	393.9
2013.83287671233	395.36
2013.91506849315	397.02
2014	398.04
2014.08493150685	398.27
2014.16164383562	399.9
2014.24657534247	401.49
2014.32876712329	401.95
2014.41369863014	401.44
2014.49589041096	399.37
2014.58082191781	397.16
2014.66575342466	395.5
2014.74794520548	396.13
2014.83287671233	397.38
2014.91506849315	399.1
2015	400.18
2015.08493150685	400.55
2015.16164383562	401.77
2015.24657534247	403.38
2015.32876712329	404.14
2015.41369863014	402.95
2015.49589041096	401.47
2015.58082191781	399.08
2015.66575342466	397.82
2015.74794520548	398.5
2015.83287671233	400.29
2015.91506849315	402.07
2016	402.75
2016.08469945355	404.29
2016.16393442623	405.05
2016.24863387978	407.63
2016.3306010929	407.91
2016.41530054645	407.01
2016.49726775956	404.52
2016.58196721311	402.44
2016.66666666667	401.23
2016.74863387978	401.79
2016.83333333333	403.72
2016.91530054645	404.66
2017	406.33
2017.08493150685	406.64
2017.16164383562	407.58
2017.24657534247	409.23
2017.32876712329	409.89
2017.41369863014	409.09
2017.49589041096	407.31
2017.58082191781	405.28
2017.66575342466	403.59
2017.74794520548	403.81
2017.83287671233	405.24
2017.91506849315	407
2018	408.15
2018.08493150685	408.52
2018.16164383562	409.58
2018.24657534247	410.44
2018.32876712329	411.43
2018.41369863014	411
2018.49589041096	408.85
2018.58082191781	407.16
2018.66575342466	405.72
2018.74794520548	406.19
2018.83287671233	408.27
2018.91506849315	409.28
2019	411.04
2019.08493150685	411.96
2019.16164383562	412.14
2019.24657534247	413.56
2019.32876712329	414.86
2019.41369863014	414.16
2019.49589041096	412.02
2019.58082191781	410.22
2019.66575342466	408.76
2019.74794520548	408.74
2019.83287671233	410.52
2019.91506849315	411.98
2020	413.62
2020.08469945355	414.35
2020.16393442623	414.71
2020.24863387978	416.45
2020.3306010929	417.31
2020.41530054645	416.56
2020.49726775956	414.64
2020.58196721311	412.69
2020.66666666667	411.52
2020.74863387978	411.5
2020.83333333333	413.12
2020.91530054645	414.24
2021	415.52
2021.08493150685	416.75
2021.16164383562	417.6
2021.24657534247	419.04
2021.32876712329	419.13
2021.41369863014	418.97
2021.49589041096	416.99
2021.58082191781	414.54
2021.66575342466	413.29
2021.74794520548	413.91
2021.83287671233	415.01
2021.91506849315	416.72
