;;FIGURELABEL: us
;;XLABEL: Days
;;YLABEL: Confirmed Cases
0.0	0.003058
1.0	0.003058
2.0	0.006116
3.0	0.006116
4.0	0.01529
5.0	0.01529
6.0	0.01529
7.0	0.018348
8.0	0.018348
9.0	0.024464
10.0	0.024464
11.0	0.024464
12.0	0.033638
13.0	0.033638
14.0	0.033638
15.0	0.036696
16.0	0.036696
17.0	0.036696
18.0	0.036696
19.0	0.036696
20.0	0.039754
21.0	0.039754
22.0	0.042812
23.0	0.042812
24.0	0.042812
25.0	0.042812
26.0	0.042812
27.0	0.042812
28.0	0.042812
29.0	0.042812
30.0	0.048928
31.0	0.048928
32.0	0.048928
33.0	0.048928
34.0	0.048928
35.0	0.048928
36.0	0.051986
37.0	0.051986
38.0	0.07645
39.0	0.097856
40.0	0.16819
41.0	0.226292
42.0	0.327206
43.0	0.562672
44.0	0.724746
45.0	1.232374
46.0	1.587102
47.0	1.816452
48.0	2.391356
49.0	3.507526
50.0	4.849988
51.0	6.785702
52.0	9.106724
53.0	9.822296
54.0	14.308382
55.0	19.913695999999998
56.0	28.038802
57.0	41.781454
58.0	61.25174
59.0	79.58445
60.0	106.858752
61.0	140.961568
62.0	173.431412
63.0	210.51577799999998
64.0	265.012396
65.0	321.863674
66.0	389.641186
67.0	438.957552
68.0	506.704484
69.0	587.377582
70.0	682.710732
71.0	781.41074
72.0	880.492998
73.0	977.875008
74.0	1067.290928
75.0	1164.480284
76.0	1256.330372
77.0	1351.321026
78.0	1460.216406
79.0	1565.05382
80.0	1653.503412
81.0	1733.953276
82.0	1816.95657
83.0	1903.583594
84.0	1982.7766199999999
85.0	2073.409624
86.0	2174.65083
87.0	2258.222912
88.0	2335.963388
89.0	2427.96026
90.0	2507.69761
91.0	2599.073708
92.0	2696.822678
93.0	2794.571648
94.0	2889.10666
95.0	2968.525978
96.0	3043.90262
97.0	3119.049912
98.0	3201.163328
99.0	3291.992044
100.0	3398.69178
101.0	3480.53915
102.0	3553.1146639999997
103.0	3625.90118
104.0	3699.351282
105.0	3774.2172379999997
106.0	3859.0431
107.0	3942.168714
108.0	4016.9490459999997
109.0	4074.274314
110.0	4132.61178
111.0	4204.113936
112.0	4265.3198059999995
113.0	4344.491426
114.0	4420.4857839999995
115.0	4494.030684
116.0	4551.3039659999995
117.0	4619.52183
118.0	4682.216946
119.0	4752.018854
120.0	4828.93367
121.0	4901.799694
122.0	4963.5376559999995
123.0	5025.229748
124.0	5083.6192
125.0	5140.8833079999995
126.0	5198.2605619999995
127.0	5263.295048
128.0	5339.995804
129.0	5410.574444
130.0	5468.428746
131.0	5522.983466
132.0	5584.418686
133.0	5642.997734
134.0	5728.419906
135.0	5809.2703679999995
136.0	5871.25297
137.0	5925.764878
138.0	5977.4420199999995
139.0	6039.583638
140.0	6105.997282
141.0	6174.123406
142.0	6252.27977
143.0	6326.151876
144.0	6383.951134
145.0	6448.1660759999995
146.0	6523.236918
147.0	6605.955817999999
148.0	6692.2739839999995
149.0	6787.237116
150.0	6884.561024
151.0	6963.567512
152.0	7054.6989699999995
153.0	7173.13531
154.0	7283.990868
155.0	7404.164152
156.0	7554.14682
157.0	7678.772551999999
158.0	7810.0372019999995
159.0	7936.3203699999995
160.0	8088.682162
161.0	8238.897238
162.0	8406.91599
163.0	8564.412164
164.0	8704.911974
165.0	8869.218314
166.0	9001.219942
167.0	9176.229282
168.0	9360.64503
169.0	9543.073078
170.0	9753.640842
171.0	9938.463303999999
172.0	10122.346959999999
173.0	10303.888187999999
174.0	10504.685642
175.0	10706.599266
176.0	10923.151536
177.0	11126.422912
178.0	11323.119588
179.0	11503.333644
180.0	11688.844156
181.0	11897.381408
182.0	12103.940134
183.0	12311.53858
184.0	12541.338106
185.0	12737.664764
186.0	12908.426542
187.0	13091.065591999999
188.0	13289.315732
189.0	13485.419156
190.0	13697.167308
191.0	13894.640716
192.0	14070.720356
193.0	14214.779677999999
194.0	14342.255466
195.0	14530.805629999999
196.0	14697.004872
197.0	14881.035312
198.0	15066.310358
199.0	15261.817472
200.0	15427.765958
201.0	15585.610744
202.0	15759.782192
203.0	15928.721402
204.0	16086.688508
205.0	16301.130758
206.0	16461.357726
207.0	16567.354122
208.0	16683.10248
209.0	16820.415854
210.0	16960.729126
211.0	17098.742782
212.0	17244.27606
213.0	17383.953268
214.0	17481.537106
215.0	17585.27364
216.0	17715.770732
217.0	17844.436082
218.0	17998.920126
219.0	18141.028444
220.0	18272.831302
221.0	18377.2039
222.0	18479.227953999998
223.0	18607.596677999998
224.0	18729.797416
225.0	18867.838594
226.0	19015.65314
227.0	19149.05839
228.0	19238.104292
229.0	19313.217946
230.0	19395.010272
231.0	19497.881392
232.0	19618.513376
233.0	19754.97051
234.0	19894.366382
235.0	20017.582376
236.0	20117.169203999998
237.0	20230.859528
238.0	20347.956464
239.0	20486.538908
240.0	20640.007696
241.0	20779.993762
242.0	20907.237141999998
243.0	21005.227694
244.0	21122.263469999998
245.0	21248.005372
246.0	21397.48347
247.0	21541.628416
248.0	21674.7982
249.0	21778.09744
250.0	21893.50636
251.0	22022.046331999998
252.0	22140.186046
253.0	22281.606314
254.0	22445.044182
255.0	22595.742422
256.0	22697.05702
257.0	22811.297784
258.0	22947.519452
259.0	23097.783456
260.0	23274.814134
261.0	23443.248774
262.0	23612.567176
263.0	23755.990434
264.0	23884.67719
265.0	24037.95944
266.0	24216.675076
267.0	24410.971222
268.0	24625.566372
269.0	24793.245686
270.0	24952.79072
271.0	25160.379992
272.0	25349.18397
273.0	25534.829034
274.0	25778.310052
275.0	26028.032447999998
276.0	26267.706256
277.0	26454.167806
278.0	26651.604518
279.0	26887.75551
280.0	27152.199118
281.0	27431.37617
282.0	27736.714412
283.0	28003.809306
284.0	28241.813446
285.0	28491.985367999998
286.0	28873.522854
287.0	29180.130166
288.0	29571.801864
289.0	29960.345228
290.0	30348.909998
291.0	30714.87309
292.0	31072.524537999998
293.0	31490.109728
294.0	31941.724341999998
295.0	32427.325568
296.0	32976.291612
297.0	33477.956512
298.0	33905.214156
299.0	34373.354202
300.0	34876.84167
301.0	35402.728988
302.0	35990.79462
303.0	36607.498422
304.0	37157.39104
305.0	37605.654086
306.0	38160.714724
307.0	38691.467319999996
308.0	39242.561732
309.0	39601.11529
310.0	40257.475236
311.0	40771.913402
312.0	41201.09147
313.0	41674.830713999996
314.0	42277.620616
315.0	42877.493186
316.0	43550.968758
317.0	44270.745508
318.0	44949.652088
319.0	45498.037112
320.0	46095.75685
321.0	46790.097155999996
322.0	47450.671025999996
323.0	48175.248836
324.0	48905.835616
325.0	49592.463646
326.0	50178.37033
327.0	50820.064108
328.0	51512.14761
329.0	52230.193532
330.0	52964.884148
331.0	53723.118306
332.0	54352.610664
333.0	54925.05909
334.0	55527.063086
335.0	56156.815374
336.0	56833.978894
337.0	57485.17082
338.0	57874.062796
339.0	58538.9882
340.0	58954.741647999996
341.0	59484.699164
342.0	60114.579888
343.0	60782.119882
344.0	61745.649811999996
345.0	62292.747418
346.0	63125.373542
347.0	63747.352394
348.0	64314.66338
349.0	65026.758433999996
350.0	65821.092282
351.0	66696.457014
352.0	67626.32448
353.0	68435.951386
354.0	69080.721512
355.0	69704.467888
356.0	70382.7751
357.0	71084.115168
358.0	71804.512692
359.0	72553.71046
360.0	73219.388132
361.0	73759.308612
362.0	74189.95452
363.0	74669.766952
364.0	75242.82392
365.0	75831.681574
366.0	76418.129524
367.0	76963.01008
368.0	77391.570432
369.0	77787.896406
370.0	78249.675812
371.0	78725.057202
372.0	79235.02763
373.0	79735.741492
374.0	80197.306838
375.0	80542.417428
376.0	80925.64293
377.0	81283.517612
378.0	81663.831898
379.0	82046.18587
380.0	82447.095786
381.0	82804.441434
382.0	83077.930606
383.0	83331.14218
384.0	83622.820336
385.0	83914.19575
386.0	84240.707584
387.0	84548.293456
388.0	84825.849768
389.0	85034.72951599999
390.0	85204.286442
391.0	85385.39955
392.0	85595.930618
393.0	85817.88331599999
394.0	86047.704248
395.0	86273.326546
396.0	86442.3208
397.0	86611.975582
398.0	86837.845578
399.0	87067.278144
400.0	87303.59121
401.0	87534.222512
402.0	87752.205926
403.0	87910.49718
404.0	88064.75799
405.0	88243.40940799999
406.0	88448.463598
407.0	88659.303524
408.0	88866.88056399999
409.0	89053.510304
410.0	89180.750626
411.0	89315.599252
412.0	89485.333542
413.0	89662.003376
414.0	89850.957196
415.0	90042.400228
416.0	90216.15273
417.0	90336.26179599999
418.0	90492.326826
419.0	90657.663712
420.0	90838.923604
421.0	91029.712224
422.0	91218.188996
423.0	91398.201224
424.0	91506.387148
425.0	91651.418914
426.0	91813.058678
427.0	92081.422642
428.0	92288.232124
429.0	92521.774642
430.0	92717.651774
431.0	92859.29833399999
432.0	93060.731852
433.0	93249.38292999999
434.0	93462.01790199999
435.0	93697.04966599999
436.0	93923.42728999999
437.0	94121.836446
438.0	94237.801922
439.0	94442.963142
440.0	94635.088108
441.0	94866.823348
442.0	95111.665176
443.0	95370.84290799999
444.0	95586.53588
445.0	95731.656328
446.0	95921.811942
447.0	96169.026778
448.0	96400.232984
449.0	96626.46382399999
450.0	96881.7212
451.0	97051.403504
452.0	97185.432586
453.0	97364.47848599999
454.0	97555.423064
455.0	97752.199248
456.0	97956.235124
457.0	98148.577208
458.0	98316.678526
459.0	98423.005186
460.0	98552.303542
461.0	98712.19413
462.0	98880.962092
463.0	99060.858116
464.0	99238.534032
465.0	99387.697156
466.0	99481.13434599999
467.0	99617.585364
468.0	99748.761332
469.0	99889.560826
470.0	100030.779266
471.0	100178.83233599999
472.0	100287.871442
473.0	100357.807902
474.0	100456.816768
475.0	100565.305434
476.0	100675.855192
477.0	100794.315996
478.0	100923.412524
479.0	101017.46743
480.0	101071.569566
481.0	101148.765718
482.0	101237.20307799999
483.0	101327.729052
484.0	101420.138754
485.0	101508.285604
486.0	101573.154958
487.0	101615.309488
488.0	101682.20018
489.0	101757.402516
490.0	101832.60790999999
491.0	101914.696862
492.0	101982.719014
493.0	102023.424052
494.0	102045.912584
495.0	102065.101534
496.0	102128.870008
497.0	102179.98142
498.0	102236.23333
499.0	102290.8645
500.0	102338.587648
501.0	102356.987634
502.0	102400.01981
503.0	102439.89613
504.0	102496.6679
505.0	102541.86514
506.0	102618.77384
507.0	102646.78512
508.0	102662.903838
509.0	102698.942368
510.0	102731.75165
511.0	102768.160198
512.0	102804.131452
513.0	102868.906008
514.0	102896.583966
515.0	102911.632384
516.0	102943.906516
517.0	102976.923742
518.0	103015.653312
519.0	103059.914804
520.0	103135.150778
521.0	103163.804238
522.0	103177.938314
523.0	103219.597448
524.0	103242.462114
525.0	103289.40853
526.0	103335.648548
527.0	103426.642396
528.0	103443.198408
529.0	103456.301938
530.0	103483.527312
531.0	103551.665668
532.0	103613.366934
533.0	103677.165988
534.0	103822.711498
535.0	103853.658458
536.0	103889.580784
537.0	103979.56243399999
538.0	104060.700348
539.0	104155.880598
540.0	104253.62651
541.0	104492.489948
542.0	104535.613864
543.0	104597.776888
544.0	104747.138782
545.0	104868.627006
546.0	105014.591462
547.0	105187.46631799999
548.0	105556.878834
549.0	105644.781044
550.0	105730.31942
551.0	105973.04511199999
552.0	106171.799822
553.0	106396.77994
554.0	106618.665362
555.0	107204.116404
556.0	107338.344256
557.0	107474.639316
558.0	107806.007254
559.0	108104.93287
560.0	108418.185216
561.0	108753.623352
562.0	109523.91826199999
563.0	109716.569204
564.0	109823.216954
565.0	110311.851716
566.0	110672.09329
567.0	111144.361636
568.0	111584.949102
569.0	112278.573836
570.0	112502.003548
571.0	112645.075136
572.0	113239.428016
573.0	113699.935294
574.0	114212.4775
575.0	114687.143318
576.0	115418.249958
577.0	115700.176152
578.0	115835.355042
579.0	116472.143788
580.0	116944.48858399999
581.0	117491.778844
582.0	118053.75973599999
583.0	118783.643176
584.0	119024.89797
585.0	119183.95984
586.0	119884.89931
587.0	120435.168062
588.0	121017.7507
589.0	121565.508834
590.0	122285.45989
591.0	122548.175728
592.0	122742.367902
593.0	123029.02788
594.0	123668.678914
595.0	124209.672752
596.0	124718.58817
597.0	125458.68227199999
598.0	125731.220406
599.0	125879.06247399999
600.0	126523.624656
601.0	126968.279262
602.0	127498.074704
603.0	127983.61477
604.0	128628.40936
605.0	128857.676794
606.0	128994.898428
607.0	129520.247538
608.0	129892.500936
609.0	130294.160062
610.0	130689.1344
611.0	131223.571886
612.0	131408.571712
613.0	131574.666982
614.0	132051.516212
615.0	132396.302654
616.0	132767.497984
617.0	133105.082836
618.0	133578.556034
619.0	133725.969982
620.0	133862.901106
621.0	134299.941292
622.0	134591.148516
623.0	134934.185782
624.0	135244.646174
625.0	135646.53465
626.0	135765.27679
627.0	135886.58765
628.0	136180.351362
629.0	136518.58451
630.0	136850.246016
631.0	137116.111594
632.0	137450.873912
633.0	137572.52421
634.0	137669.30991
635.0	137971.871488
636.0	138222.330862
637.0	138502.458952
638.0	138741.18783799998
639.0	139034.596822
640.0	139133.691312
641.0	139192.282592
642.0	139536.491072
643.0	139740.319004
644.0	140053.944426
645.0	140283.569646
646.0	140574.397678
647.0	140679.256498
648.0	140778.084942
649.0	141124.4065
650.0	141334.58284
651.0	141596.326234
652.0	141845.357522
653.0	142141.546228
654.0	142248.13281799998
655.0	142360.74061
656.0	142699.404936
657.0	142939.0237
658.0	143229.738586
659.0	143406.00782199999
660.0	143844.827764
661.0	143979.21769
662.0	144076.79847
663.0	144486.689732
664.0	144753.546102
665.0	145098.59859
666.0	145434.464846
667.0	145822.424132
668.0	145961.12278
669.0	146082.919862
670.0	146525.15559
671.0	146804.485542
672.0	147145.694124
673.0	147265.931626
674.0	147429.293044
675.0	147510.446248
676.0	147642.386716
677.0	148212.076826
678.0	148570.171684
679.0	148989.447948
680.0	149414.057364
681.0	149899.117324
682.0	150101.99116
683.0	150270.7316
684.0	150814.104562
685.0	151160.46281599998
686.0	151618.872306
687.0	151999.675872
688.0	152483.44841399998
689.0	152656.479228
690.0	152816.42486
691.0	153383.662454
692.0	153735.421136
693.0	154174.63556
694.0	154608.036726
695.0	155197.163484
696.0	155441.072622
697.0	155713.846222
698.0	156447.903832
699.0	156996.51209
700.0	157741.89959
701.0	158566.81038
702.0	159326.732554
703.0	159591.705196
704.0	160137.16983
705.0	161667.845614
706.0	162774.83244
707.0	164310.23895
708.0	166116.483346
709.0	167687.06297199999
710.0	168264.1565
711.0	169138.37754
712.0	172333.49826
713.0	174816.936756
714.0	176842.895394
715.0	179396.17861
716.0	182055.684514
717.0	183271.737968
718.0	184754.7273
719.0	188986.37241
720.0	191393.688112
721.0	193988.529548
722.0	196622.384948
723.0	199313.250642
724.0	200561.78923
725.0	202028.855556
726.0	204092.84654
727.0	207546.36826
728.0	210322.99556399998
729.0	212563.04783999998
730.0	215134.79525999998
731.0	216059.77909999999
732.0	217177.163126
733.0	219996.584082
734.0	221504.58785399998
735.0	223412.798202
736.0	224960.956572
737.0	226838.675602
738.0	227384.88638799998
739.0	227990.165502
740.0	229648.298726
741.0	230643.31382399998
742.0	231650.937056
743.0	232491.257108
744.0	233576.66974399998
745.0	233840.899292
746.0	234096.135262
747.0	235155.41423
748.0	235810.639658
749.0	236386.766858
750.0	236910.52275
751.0	237550.629426
752.0	237709.223422
753.0	237887.54151799998
754.0	238407.958074
755.0	238747.931224
756.0	239099.105828
757.0	239410.10137
758.0	239854.052636
759.0	239950.095242
760.0	240020.4323
761.0	240273.906862
762.0	240547.136104
763.0	240807.51868799998
764.0	241012.64627
765.0	241240.094194
766.0	241385.08009
767.0	241440.799908
768.0	241743.306442
769.0	241886.14867999998
770.0	242049.48563399998
771.0	242198.162536
772.0	242354.933964
773.0	242400.562382
774.0	242438.46935
775.0	242634.453512
776.0	242725.441244
777.0	242840.743134
778.0	242983.21229599998
779.0	243135.24994
780.0	243166.493526
781.0	243200.284426
782.0	243308.51622
783.0	243383.082492
784.0	243524.16943799998
785.0	243686.751066
786.0	243782.61325
787.0	243815.890406
788.0	243850.8831
789.0	243980.16922399998
790.0	244055.301226
791.0	244179.73430399998
792.0	244311.206898
793.0	244453.18066399998
794.0	244481.974792
795.0	244516.62804799998
796.0	244634.66379
797.0	244708.75913
798.0	244828.057826
799.0	244966.933838
800.0	245064.902984
801.0	245100.751918
802.0	245114.775906
803.0	245201.760716
804.0	245279.96295
805.0	245403.821124
806.0	245547.608284
807.0	245815.24750199998
808.0	245854.54585999998
809.0	245844.650172
